"Name","Delay(1/60)"
"Frame1","8"
"Frame2","8"
"Frame3","8"
"Frame4","8"
"Frame2","8"
"Frame3","8"
